cosets:
[1, 2, 4, 8, 16, 32, 64, 128, 256]
[3, 6, 12, 24, 48, 96, 192, 384, 257]
[5, 10, 20, 40, 80, 160, 320, 129, 258]
[7, 14, 28, 56, 112, 224, 448, 385, 259]
[9, 18, 36, 72, 144, 288, 65, 130, 260]
[11, 22, 44, 88, 176, 352, 193, 386, 261]
[13, 26, 52, 104, 208, 416, 321, 131, 262]
[15, 30, 60, 120, 240, 480, 449, 387, 263]
[17, 34, 68, 136, 272, 33, 66, 132, 264]
[19, 38, 76, 152, 304, 97, 194, 388, 265]
[21, 42, 84, 168, 336, 161, 322, 133, 266]
[23, 46, 92, 184, 368, 225, 450, 389, 267]
[25, 50, 100, 200, 400, 289, 67, 134, 268]
[27, 54, 108, 216, 432, 353, 195, 390, 269]
[29, 58, 116, 232, 464, 417, 323, 135, 270]
[31, 62, 124, 248, 496, 481, 451, 391, 271]

generator degree: 144
expected degree: 144
generator hex: 0x12b6bd0545db34c1e01d5296e58c8ed2701ad
generator bits: 0b1001010110110101111010000010101000101110110110011010011000001111000000001110101010010100101101110010110001100100011101101001001110000000110101101
generator bit length: 145
