       file    rows  benign  attack  attack_fraction
 data_2.csv 1000000    4941  995059         0.995059
 data_1.csv 1000000    1993  998007         0.998007
 data_3.csv 1000000     107  999893         0.999893
data_35.csv 1000000     102  999898         0.999898
 data_4.csv 1000000      98  999902         0.999902
 data_5.csv 1000000      76  999924         0.999924
data_15.csv 1000000      50  999950         0.999950
data_66.csv 1000000      47  999953         0.999953
data_22.csv 1000000      45  999955         0.999955
 data_7.csv 1000000      41  999959         0.999959
data_49.csv 1000000      41  999959         0.999959
data_11.csv 1000000      40  999960         0.999960
data_44.csv 1000000      39  999961         0.999961
data_67.csv 1000000      39  999961         0.999961
data_27.csv 1000000      38  999962         0.999962
data_23.csv 1000000      38  999962         0.999962
data_69.csv 1000000      38  999962         0.999962
 data_9.csv 1000000      38  999962         0.999962
data_14.csv 1000000      37  999963         0.999963
data_55.csv 1000000      36  999964         0.999964
